4
10000
4.900000000000000e-01
0
0
5.000000000000000e-01
1.000000000000000e+00
auto_save_nn.txt
10000
0
9.000000000000000e-01
9.990000000000000e-01
1.000000000000000e-08
1000
9.000000000000000e-01
Adam
3
sigmoid
0
40
41
-3.557785347439087e+00
2.673366775246753e+01
-9.598128775159932e-02
-1.212965181270003e+01
6.677678848267728e+00
-5.474844428727887e+00
-8.825031631425859e-01
-1.173003897284843e+00
-3.273517742961974e+00
1.743686180937572e+01
-1.195735035913556e+00
2.577637670928873e-01
1.663180912237855e+00
-3.329223331303441e+00
-2.224883813949301e+00
9.867832949547477e+00
7.430779800812656e+00
1.438927896127094e+00
2.284115920448848e-01
1.345773184120912e+01
1.794514522188395e+00
2.257886375657861e+00
-1.341735850251876e+00
-1.543394221771415e+00
4.861783607439452e-02
3.834020242107611e-01
-7.488033101688251e-01
2.511453604024105e+00
0.000000000000000e+00
0.000000000000000e+00
0.000000000000000e+00
0.000000000000000e+00
0.000000000000000e+00
0.000000000000000e+00
0.000000000000000e+00
0.000000000000000e+00
0.000000000000000e+00
0.000000000000000e+00
0.000000000000000e+00
0.000000000000000e+00
2.276152432437441e+00
41
8.578351778918103e-01
-2.298836749483050e+01
-3.837160833054642e+00
8.577874782513915e+00
-6.557464976581914e+00
9.072943604189455e-01
-1.154101169370821e+00
-3.006840362216332e+00
1.082732018699418e+00
-4.099370772286383e+00
6.411307863095961e-01
-1.992968205342722e+00
-3.005281028788046e+00
1.353600323755405e+01
-1.523067594073676e+00
-2.540602411017997e+00
-1.037496742448929e+01
2.654665613599158e+00
2.509617651495903e+00
-5.901378507141384e+00
6.217092145286545e-01
1.495437217310320e+00
3.124263318204390e+00
-3.301178006123855e+00
1.207780438121387e+00
1.693132728104017e+00
2.018471612028864e+00
1.339262753880625e+00
0.000000000000000e+00
0.000000000000000e+00
0.000000000000000e+00
0.000000000000000e+00
0.000000000000000e+00
0.000000000000000e+00
0.000000000000000e+00
0.000000000000000e+00
0.000000000000000e+00
0.000000000000000e+00
0.000000000000000e+00
0.000000000000000e+00
-1.722458835515714e+00
41
5.184668041513852e+00
-1.682183152040100e+01
1.841004880369937e+00
1.337595017681770e+01
-6.208293356517950e+00
-6.686283204117115e+00
6.581117130358632e-01
-9.247699426437102e+00
3.275745417937881e+00
1.236999824409956e+01
2.050265660375028e+00
2.026686104448845e-01
-1.100977471970057e+01
-7.696088876507386e-01
1.772719579816208e+00
-1.728232101865503e+00
7.361677709291089e+00
-3.844062255103441e+00
-2.248584005942535e+00
-1.512545573031498e+01
1.669556551256992e+00
-2.879790388147310e-02
2.629572312043190e+00
3.442772406799579e+00
2.847221065586607e+00
1.817567762440059e+00
2.393473408602961e+00
2.252549857273462e+00
0.000000000000000e+00
0.000000000000000e+00
0.000000000000000e+00
0.000000000000000e+00
0.000000000000000e+00
0.000000000000000e+00
0.000000000000000e+00
0.000000000000000e+00
0.000000000000000e+00
0.000000000000000e+00
0.000000000000000e+00
0.000000000000000e+00
-3.764437262409478e+00
41
-4.429642672629687e+00
1.950608977724723e+01
-2.137852184125751e-01
-1.303026443609614e+01
3.012089931871351e+00
-1.582504441875825e+00
-5.809942219352596e+00
9.883305260083779e+00
-3.652979936690299e-01
-4.011956255829089e+00
-4.164242662167544e-01
-2.937716375777017e+00
4.082651562950361e+00
6.323913925382175e+00
1.901567550314280e+00
-2.822675532771874e+00
1.391253537461850e+01
4.145392301259038e+00
7.361286680700231e-01
4.535263788540216e+00
-1.243887606071564e+00
4.059280607642004e+00
-2.481562755314271e+00
-4.566867054340929e+00
-3.193864542828262e-01
-1.494125161865289e+00
-8.620124735892272e-01
-3.375177624347279e+00
0.000000000000000e+00
0.000000000000000e+00
0.000000000000000e+00
0.000000000000000e+00
0.000000000000000e+00
0.000000000000000e+00
0.000000000000000e+00
0.000000000000000e+00
0.000000000000000e+00
0.000000000000000e+00
0.000000000000000e+00
0.000000000000000e+00
3.063212362540209e+00
41
1.490999954052826e+00
-2.836900783977263e+01
-5.024314679023815e-01
1.129731670707784e+01
-4.213019733404849e+00
5.483693105978866e+00
3.312092615768497e+00
1.342554752771759e+00
5.484473099754717e+00
-7.613008475069467e+00
3.372509800294937e+00
5.926958705379595e+00
-1.724080107617252e+00
4.480124200920681e+00
4.322821071152932e+00
-3.568069392848028e+00
-6.663805292093467e+00
-3.724171964616854e+00
2.041614215231139e+00
-9.409433254610713e+00
1.693063095475790e+00
-2.220971331403945e-01
-1.923201604059622e+00
3.624268850818404e+00
6.107614205923065e-01
2.126378441933375e+00
2.488962906284618e+00
2.151827329499536e+00
0.000000000000000e+00
0.000000000000000e+00
0.000000000000000e+00
0.000000000000000e+00
0.000000000000000e+00
0.000000000000000e+00
0.000000000000000e+00
0.000000000000000e+00
0.000000000000000e+00
0.000000000000000e+00
0.000000000000000e+00
0.000000000000000e+00
-4.739481999333723e+00
41
-3.251890421115619e+00
4.797173903342182e+01
-8.200166103218980e-02
-5.427531976337721e+00
-4.454096724565800e+00
-3.154381078612212e+00
-5.826742241611467e+00
1.021841672038765e+01
1.043355930088591e+01
-9.574628680792996e+00
3.561420587888913e+00
1.147172809250593e+01
-4.966003052253940e+00
2.027968776145368e+01
4.016895005606906e+00
2.614376406982120e+00
7.708076487992240e+00
-4.178128315188578e+00
-5.396623746289007e+00
4.761312772223926e+00
-8.767555364388054e-01
4.775890669913058e-01
-2.205581063291914e-01
-3.393110914173921e+00
-3.076787607673859e-01
1.939737967998070e+00
1.984616817055743e+00
-2.316019725721391e+00
0.000000000000000e+00
0.000000000000000e+00
0.000000000000000e+00
0.000000000000000e+00
0.000000000000000e+00
0.000000000000000e+00
0.000000000000000e+00
0.000000000000000e+00
0.000000000000000e+00
0.000000000000000e+00
0.000000000000000e+00
0.000000000000000e+00
2.740738924734307e+00
41
-4.138253108789640e+00
-1.106638240476240e+01
-3.842545730042099e+00
2.865451489404307e+00
-3.210986554603320e+00
9.735195884867975e+00
-4.452248866762622e-01
4.800031885013676e+00
-3.237554822978266e-01
8.007449068971136e-01
-4.369314144153928e-01
1.115063928250883e+01
-5.817361934772210e+00
2.404565320893940e+01
-8.787365283138416e-01
5.244542621008789e+00
-1.511936407888140e+01
1.195033550076111e+01
1.168500901191951e+01
3.962046814384208e+00
-1.912064102054425e+00
9.639755042052480e-01
-2.449391983980478e+00
-3.763093229917031e+00
-5.666106726161681e-02
5.755690131247162e-01
8.848871099452917e-01
-4.234263704556715e+00
0.000000000000000e+00
0.000000000000000e+00
0.000000000000000e+00
0.000000000000000e+00
0.000000000000000e+00
0.000000000000000e+00
0.000000000000000e+00
0.000000000000000e+00
0.000000000000000e+00
0.000000000000000e+00
0.000000000000000e+00
0.000000000000000e+00
-3.079278504584216e+00
41
-4.661212234971493e+00
1.910803431154261e+01
-2.546425236566391e+00
-1.324440714694624e+01
4.415989684996761e+00
-1.001103986944043e+01
-3.137379615589686e+00
-8.577737284587772e-01
1.467032477277747e+00
2.411629802648040e+00
2.742030872509249e+00
-7.024934491836675e+00
1.756247149653093e+00
-2.197188222737100e+00
-1.453697590482271e+00
7.385942656833527e-01
3.775440166037375e+00
2.582859313319530e+00
-4.075800297246106e+00
5.727747989333157e+00
3.672071338166267e-01
-3.076209883951544e-02
9.169936668035936e-01
3.071917705402103e+00
6.277169589900207e-01
1.801869801501172e+00
1.965272055491792e+00
-1.080928167208200e+00
0.000000000000000e+00
0.000000000000000e+00
0.000000000000000e+00
0.000000000000000e+00
0.000000000000000e+00
0.000000000000000e+00
0.000000000000000e+00
0.000000000000000e+00
0.000000000000000e+00
0.000000000000000e+00
0.000000000000000e+00
0.000000000000000e+00
2.189049006558925e+00
41
-4.756793640599851e+00
-2.635165798577614e+01
-8.075081182797214e-01
-2.563740239409222e+01
8.528743878650888e+00
8.767963438076562e+00
1.868865346056870e+00
-7.881022367056540e+00
-3.304332796245997e+00
1.256660189116361e+00
3.237985388681231e+00
8.483023265144093e-01
1.126696856870141e+01
-5.576125942947493e+01
-2.721090007611588e+00
3.639700065441848e+00
-8.155108199693572e+00
4.793868389862138e+00
-2.500403083740731e+00
4.990726868086680e+00
-4.390414141543840e-01
3.930721463141206e-01
-1.522665856069339e+00
-3.619681734716238e+00
-1.813152997199234e+00
-9.218743712524798e-01
1.128712917998420e-01
-1.258850748045064e-01
0.000000000000000e+00
0.000000000000000e+00
0.000000000000000e+00
0.000000000000000e+00
0.000000000000000e+00
0.000000000000000e+00
0.000000000000000e+00
0.000000000000000e+00
0.000000000000000e+00
0.000000000000000e+00
0.000000000000000e+00
0.000000000000000e+00
-2.165400289189586e+00
41
8.804544394736103e+00
-5.161810287462033e-01
5.189432942341432e+00
6.978714686888486e+00
1.328810664309197e+00
1.160906912702863e+01
8.180146128886847e+00
1.660537330457045e+01
-3.446389154553439e+00
-1.712392060279951e+00
2.661674536591971e+00
2.012286124354098e+00
-2.764465285215118e+01
7.133428735893892e-01
1.201110117248334e+00
-2.811082463833343e+00
-1.085847836650994e+01
3.518840411004260e+00
5.546865463361318e+00
2.753074605920431e+00
2.350451438983569e+00
2.449397466653359e+00
1.250270967299544e+00
-1.504061093854595e+00
2.928386784483940e+00
2.426594784587830e+00
2.675358282371415e+00
2.435203301132454e+00
0.000000000000000e+00
0.000000000000000e+00
0.000000000000000e+00
0.000000000000000e+00
0.000000000000000e+00
0.000000000000000e+00
0.000000000000000e+00
0.000000000000000e+00
0.000000000000000e+00
0.000000000000000e+00
0.000000000000000e+00
0.000000000000000e+00
-4.596764766909857e+00
41
2.643865442639254e+00
-1.808985577445905e+01
-1.307630318566464e+00
1.147152082315424e+01
-8.764009841407702e+00
-4.269415835531847e+00
-2.406961138922615e+00
-1.171114957285317e+00
-3.499283989159593e+00
6.859711754012859e+00
-3.225750299204457e+00
-7.436298058746225e-02
-1.109417536946822e+01
9.245842707483957e+00
-1.131003554320984e+00
-5.854011062108750e-01
-2.178644988847828e+00
-3.151607974312082e+00
-7.243895444622509e-01
-1.032774594475641e+01
2.171089616814649e-03
-1.108222825849475e-02
-2.417170060022221e-02
3.433803476659393e-03
-3.001789665551663e-02
-2.769483570723693e-02
-1.558697363886631e-02
7.721811922800199e-02
0.000000000000000e+00
0.000000000000000e+00
0.000000000000000e+00
0.000000000000000e+00
0.000000000000000e+00
0.000000000000000e+00
0.000000000000000e+00
0.000000000000000e+00
0.000000000000000e+00
0.000000000000000e+00
0.000000000000000e+00
0.000000000000000e+00
-1.534815812810605e+00
41
-1.786168226729949e+00
-7.736403787761374e-01
-9.140438839262283e-01
8.148368169636219e-01
-5.256857627708976e-01
-5.782150299263233e+00
-2.466253353956084e+00
3.094226365765133e+00
-1.135686211456910e+00
2.809635533412724e+00
-1.390781347299231e+00
1.800100921887288e+00
-4.868517764754674e+00
4.511879869575893e+00
-1.740410246508340e+00
1.498243064118508e+00
-2.646175352004047e+00
3.952383948503585e+00
1.780682304878164e+00
-1.412758302870829e+00
3.025503063041566e-01
-1.466954969533455e-02
7.261579590053614e-01
2.339379678794336e+00
2.172404667063504e-01
1.284383259988577e+00
1.755786746231371e+00
-4.960225819300653e-01
0.000000000000000e+00
0.000000000000000e+00
0.000000000000000e+00
0.000000000000000e+00
0.000000000000000e+00
0.000000000000000e+00
0.000000000000000e+00
0.000000000000000e+00
0.000000000000000e+00
0.000000000000000e+00
0.000000000000000e+00
0.000000000000000e+00
-3.703975545923197e+00
41
7.173103897846308e-01
-1.663927679037132e+01
-1.928717730332195e+00
5.902730741172056e+00
-5.194236506550991e+00
6.942905209415737e+00
1.741137903005310e+00
1.433832630950929e+00
-2.528623160179248e+00
3.633506426499721e-01
-3.483283517838212e+00
7.417909480295854e+00
-6.732571857731532e+00
7.518809056259420e+00
1.795921065007199e-01
3.582050891150311e+00
-9.613657289549137e+00
-8.395198279032847e+00
4.527367837114337e+00
-6.181797860032919e+00
1.457821092144980e+00
-3.856661150272573e-01
-4.640727649438562e-01
4.654216499314018e+00
3.137761546566300e+00
3.041062156385839e+00
-5.748464442801858e-01
8.531169956812565e-01
0.000000000000000e+00
0.000000000000000e+00
0.000000000000000e+00
0.000000000000000e+00
0.000000000000000e+00
0.000000000000000e+00
0.000000000000000e+00
0.000000000000000e+00
0.000000000000000e+00
0.000000000000000e+00
0.000000000000000e+00
0.000000000000000e+00
-1.816363340558597e+00
41
5.740039760068455e+00
-2.242886134295830e+01
-1.117939073853013e-01
1.490153856308153e+01
-1.600523931355725e+00
-5.540251010764764e-01
5.042310896682677e-01
-5.914379109400590e-02
4.945680131952098e+00
-5.083831982753852e+00
2.971553045389282e+00
3.189904589238700e+00
-2.393851496822769e+00
1.384477844826363e+01
-1.200659529852140e-01
-3.591399102356632e+00
-8.861080753933868e+00
5.719162691147710e+00
1.437992360037948e+00
-2.624324864683558e+00
-1.767074206108327e+00
-1.385072099562791e+00
-4.383016215330812e+00
-4.823834351024395e+00
-5.323421832882890e+00
-3.136948405605101e+00
8.542795446358170e-01
-1.064589207971031e+00
0.000000000000000e+00
0.000000000000000e+00
0.000000000000000e+00
0.000000000000000e+00
0.000000000000000e+00
0.000000000000000e+00
0.000000000000000e+00
0.000000000000000e+00
0.000000000000000e+00
0.000000000000000e+00
0.000000000000000e+00
0.000000000000000e+00
-4.718640652657368e+00
41
3.294825042453997e+00
-7.175395865227178e+00
7.522543445902448e-01
6.905507099500348e+00
3.979939850934701e-01
3.612999218439131e+00
-9.057268114566289e-01
1.200089274037694e+01
-2.184628230083833e+00
3.964816801911025e+00
-2.169756567077997e+00
-3.007083220060004e-01
-1.931162242205970e+01
1.083998310517804e+01
1.734943679101637e+00
-6.728090406461086e+00
-1.246824618576538e+01
7.712565811033940e+00
5.389764787956276e+00
-1.786117327961019e+00
5.473470124457202e+00
3.727993543471208e+00
2.171661198393347e+00
2.148486815057084e+00
7.480287490974508e-01
1.884359337883911e+00
-1.337600509787186e+00
1.559365975324358e+00
0.000000000000000e+00
0.000000000000000e+00
0.000000000000000e+00
0.000000000000000e+00
0.000000000000000e+00
0.000000000000000e+00
0.000000000000000e+00
0.000000000000000e+00
0.000000000000000e+00
0.000000000000000e+00
0.000000000000000e+00
0.000000000000000e+00
-6.603287197980680e+00
41
4.202497359283648e+00
-3.934551792590461e+01
-6.579237729183771e+00
-5.453215722481864e+00
-1.027783062834274e+01
-1.183580304049404e+01
-4.104804003452256e+00
-2.611474910499313e+01
3.214060683786905e+00
-3.522607644983649e-01
6.606141742296013e-01
1.051094117238700e+01
1.704181666230035e+01
8.064109341606033e+00
3.250653047624825e-01
6.397824166547686e-01
4.905633986785463e+00
-5.892838621215904e+00
-2.412425580606008e+00
-6.760597217574840e+00
2.315967111591289e+00
1.103010936815911e-01
-2.567316650687793e+00
2.073691429240288e+00
1.125834574725888e+00
2.946276313902322e-03
-2.150876206349433e+00
-2.992053387592684e-01
0.000000000000000e+00
0.000000000000000e+00
0.000000000000000e+00
0.000000000000000e+00
0.000000000000000e+00
0.000000000000000e+00
0.000000000000000e+00
0.000000000000000e+00
0.000000000000000e+00
0.000000000000000e+00
0.000000000000000e+00
0.000000000000000e+00
1.559167221647803e+00
41
4.561695132462674e+00
-1.639194475958465e+00
-6.864751610236987e-01
1.991927447881916e+01
-1.127014787008489e+00
-2.848071543187044e+00
1.356223436334616e+00
1.135729975111074e+01
-7.756893212888176e+00
2.108780981920667e+01
-6.153539238702552e+00
2.161919272641955e+01
-1.103557726124265e+01
1.998897448618830e+01
-8.195340642255470e+00
1.047203179721865e+01
-1.719375596407506e+00
6.477304238189166e+00
3.735302778864920e+00
-3.667795414115368e+00
-5.723604532837406e-01
5.693597037498190e-02
1.955480859368784e+00
1.936803528868783e+00
3.839071663903063e+00
8.254645898123217e-01
2.387051111821491e+00
-1.399991679438575e+00
0.000000000000000e+00
0.000000000000000e+00
0.000000000000000e+00
0.000000000000000e+00
0.000000000000000e+00
0.000000000000000e+00
0.000000000000000e+00
0.000000000000000e+00
0.000000000000000e+00
0.000000000000000e+00
0.000000000000000e+00
0.000000000000000e+00
-3.607369871479259e+00
41
4.029063843155806e+00
-1.774325512315223e+01
3.209204189354559e-01
1.606614864660894e+01
-5.001142382728688e+00
-5.767214591981253e-01
4.158791901213616e+00
3.386636752727045e+00
-4.096168793631603e-01
7.900248235161059e+00
-7.898840026058729e-03
3.411828967962628e+00
-1.244261395356743e+01
9.200380728248115e+00
7.696615918129406e-01
3.341610775737937e+00
-1.044108003146110e+00
-8.076340618063247e+00
2.202614243862968e+00
-1.141984517699805e+01
2.093517567510399e+00
-1.380736543879838e+00
1.908641665273154e-01
9.669854371577495e-01
1.052377843746398e+00
2.070306535842163e+00
2.225702071358275e+00
2.508649191039432e+00
0.000000000000000e+00
0.000000000000000e+00
0.000000000000000e+00
0.000000000000000e+00
0.000000000000000e+00
0.000000000000000e+00
0.000000000000000e+00
0.000000000000000e+00
0.000000000000000e+00
0.000000000000000e+00
0.000000000000000e+00
0.000000000000000e+00
-3.153058580484764e+00
41
-8.458009548508411e+00
1.949562885272243e+01
5.748800710821928e+00
-1.041210093615389e+01
4.674731612429211e+00
-5.408752388142375e+00
1.938252069200146e+00
2.184872919217022e-01
5.599897187564872e+00
-5.783070038571959e+00
1.970313307909480e-01
1.567413694065878e+00
1.947170228235465e+00
-1.622674286442718e+01
-1.783325395856321e+00
8.415217554345935e+00
6.464017597929415e+00
-3.294389382168080e+00
-5.941090474870492e+00
2.674366629098540e-01
2.982432700708060e-01
1.093732453726377e-01
-3.586520936506894e-01
1.660319079609964e+00
2.148610748211413e+00
9.682796850677771e-01
2.239273881036565e+00
-8.737719956585004e-01
0.000000000000000e+00
0.000000000000000e+00
0.000000000000000e+00
0.000000000000000e+00
0.000000000000000e+00
0.000000000000000e+00
0.000000000000000e+00
0.000000000000000e+00
0.000000000000000e+00
0.000000000000000e+00
0.000000000000000e+00
0.000000000000000e+00
2.366037355624924e+00
41
-4.873070141799603e+00
2.337049429749448e+01
4.724239511437629e-02
-1.579231509383154e+01
6.756680336239075e+00
-1.070325305416208e+01
-3.676504560607674e+00
-3.499695254782222e+00
-9.609083587589817e-01
3.816301360296024e+00
1.813853185089009e+00
-8.649017006029689e+00
1.276936093227430e+00
2.106373477701315e-01
-1.318562646091317e+00
-3.576850493924554e-01
5.565914658001345e+00
7.779136604947898e-01
-4.031143426412430e+00
6.249943423166843e+00
5.716744353254903e-01
3.725801307401278e-01
7.476766160663105e-01
2.635506211475830e+00
4.425705692047828e-01
2.777249099670679e+00
1.834798138108707e+00
-9.887846610544967e-01
0.000000000000000e+00
0.000000000000000e+00
0.000000000000000e+00
0.000000000000000e+00
0.000000000000000e+00
0.000000000000000e+00
0.000000000000000e+00
0.000000000000000e+00
0.000000000000000e+00
0.000000000000000e+00
0.000000000000000e+00
0.000000000000000e+00
3.362559750555552e+00
41
3.132078256641720e+00
-1.923986747808451e+01
-9.328026937556948e-01
1.564489830755279e+01
-3.356301267897024e+00
-9.546608044771776e+00
2.987481285861359e+00
-7.848335126547044e+00
3.730170098766980e+00
1.216002788787363e+01
3.213156523862415e+00
-7.019667999493014e-01
-9.229192323587847e+00
1.234082644847422e+01
-2.069219535318990e+00
-1.416587855341985e+00
-1.833086645442741e+00
-9.107066921757372e+00
5.579208852408698e-02
-9.437696669383413e+00
2.509955172852773e+00
-2.372854579136061e+00
2.515067849349012e+00
3.286662322950558e+00
1.245795300056826e+00
3.739713750028814e+00
3.043922117353826e+00
2.572296439335782e+00
0.000000000000000e+00
0.000000000000000e+00
0.000000000000000e+00
0.000000000000000e+00
0.000000000000000e+00
0.000000000000000e+00
0.000000000000000e+00
0.000000000000000e+00
0.000000000000000e+00
0.000000000000000e+00
0.000000000000000e+00
0.000000000000000e+00
-2.218052246572378e+00
41
-2.511322007900076e+00
4.241898748145550e+00
-1.865528983408540e+00
-5.739325923469047e+00
7.583854607820507e-01
-5.970096145946060e+00
-1.173839701039468e-01
1.598557488598341e+00
2.625391479566448e+00
-4.015247168445658e+00
8.588097012201488e-01
-1.669475695477337e+00
3.795042757214414e-01
-2.155769727740981e+00
-1.690165308877147e+00
-3.492016984192278e+00
-1.301441337740659e+00
2.616004306726736e+00
-2.491055374113096e+00
2.879563148743014e+00
1.447221425587041e-01
1.917357930352596e-01
-4.289825712128915e-02
3.542530338545952e+00
1.528221535277425e+00
1.703081738251259e+00
2.218439473375031e+00
-2.103930274487410e-01
0.000000000000000e+00
0.000000000000000e+00
0.000000000000000e+00
0.000000000000000e+00
0.000000000000000e+00
0.000000000000000e+00
0.000000000000000e+00
0.000000000000000e+00
0.000000000000000e+00
0.000000000000000e+00
0.000000000000000e+00
0.000000000000000e+00
7.351334056985025e-01
41
-5.337074459882072e+00
2.708568074794059e+01
-1.150143479631841e+00
-1.673482877243988e+01
1.168779786632733e+00
-7.702732779372178e+00
-7.882093636529036e+00
1.120503292577542e+00
4.275213528797399e+00
2.280558834399630e+00
1.613683882528829e-02
-1.344821702671646e+00
8.908091185312252e-01
-1.714952783663999e+00
2.255709008619286e-01
6.162712653626233e+00
6.111486020992690e+00
2.129341386905339e+00
-4.067257166712509e+00
4.795700636860529e+00
6.986960541552644e-01
7.577851573637222e-01
-5.126047547011670e-01
4.829771820048732e-01
2.125640141512782e+00
4.471022859043144e-01
3.090005966813729e+00
3.455066759164185e+00
0.000000000000000e+00
0.000000000000000e+00
0.000000000000000e+00
0.000000000000000e+00
0.000000000000000e+00
0.000000000000000e+00
0.000000000000000e+00
0.000000000000000e+00
0.000000000000000e+00
0.000000000000000e+00
0.000000000000000e+00
0.000000000000000e+00
3.369105617289784e+00
41
-1.789430118120261e+01
-1.455502227294675e+01
7.628971007867895e-01
-6.350056346966847e+00
1.529343463149062e+01
1.621973422349813e+01
-6.656328147592111e-01
3.232866217548489e+00
2.500897877711258e+00
2.939086738018253e+00
-1.094708642398901e+00
-5.065929581154426e+00
1.075913684430438e-01
-4.325814273409116e+01
5.259833989719749e-01
2.217720897818757e+00
1.846284900746235e+00
-1.245952660238102e+01
-1.290405385358559e+01
1.439030720243972e+00
-2.116272856719428e+00
-3.584998458635092e+00
2.119632931222909e+00
-2.591899057892379e+00
1.744319490521319e+00
-2.052497961249703e-01
-1.002545131607656e+00
-1.670217371620105e-01
0.000000000000000e+00
0.000000000000000e+00
0.000000000000000e+00
0.000000000000000e+00
0.000000000000000e+00
0.000000000000000e+00
0.000000000000000e+00
0.000000000000000e+00
0.000000000000000e+00
0.000000000000000e+00
0.000000000000000e+00
0.000000000000000e+00
-2.025232272541416e+00
41
4.697132552082695e-02
-1.431545005639548e+01
-5.029772777213958e-01
5.428511928224851e+00
-9.836952938674450e-01
3.010729463279533e+00
8.121258284980383e+00
-1.182452286952281e+01
2.307545298403031e+00
1.390432178276345e+01
1.870453663327591e+00
-4.061255711120759e+00
-7.625781979039386e+00
1.047706225770166e+01
-3.351403984411867e+00
6.563236324671343e+00
-1.823483531835555e+01
1.917920191001263e+00
2.063542859708110e+00
1.033245518343673e+00
1.155888027941515e+00
-2.999844439367864e-01
5.455602353192614e-02
3.124874615456482e+00
1.506921235691198e+00
1.899358132868720e+00
-2.989413321777711e+00
1.155424811177935e+00
0.000000000000000e+00
0.000000000000000e+00
0.000000000000000e+00
0.000000000000000e+00
0.000000000000000e+00
0.000000000000000e+00
0.000000000000000e+00
0.000000000000000e+00
0.000000000000000e+00
0.000000000000000e+00
0.000000000000000e+00
0.000000000000000e+00
-2.477165333898483e+00
41
-6.248753807978474e+00
1.851057426201884e+01
-3.999148192565586e-01
-1.249280246858123e+01
3.753633645550550e+00
-6.874558958252762e+00
-3.307506873720711e+00
-1.769425855572398e+00
3.639703420031861e+00
1.847642186242896e+00
1.598182870337750e+00
-1.588006001609914e+00
-3.084733954825566e-01
-6.522008385723347e+00
5.893628630219474e-01
3.194380731487626e+00
6.864065648290602e+00
4.064774412199436e+00
-2.907235474853036e+00
5.694328562914980e+00
-3.829964783672713e-01
-1.028520271675154e+00
-2.896735113929724e+00
1.901381275664428e+00
1.069646751448769e+00
-6.827083269054728e-01
1.425488563867738e+00
1.281240499201338e+00
0.000000000000000e+00
0.000000000000000e+00
0.000000000000000e+00
0.000000000000000e+00
0.000000000000000e+00
0.000000000000000e+00
0.000000000000000e+00
0.000000000000000e+00
0.000000000000000e+00
0.000000000000000e+00
0.000000000000000e+00
0.000000000000000e+00
3.346776579152356e+00
41
1.147905423257449e+01
1.464483558386851e+00
9.467593183452188e+00
9.271606357421678e+00
-3.422874981779314e+00
1.786008764987764e+00
6.363737422108274e+00
1.174751281274794e+01
-5.995353486679830e+00
4.088269245002238e-01
-2.811359632983788e+00
-2.313425962102801e+00
-3.168676338819411e+01
2.172411840309082e-01
-2.910867991589465e+00
-2.011806561706864e+00
-7.154793704414182e+00
-3.064282429138043e+00
-2.507567731264429e+00
-1.280171259523726e+00
-3.532172619369814e-01
3.207431713153931e-01
-1.151203297874112e-01
4.096574311485665e-01
-4.861485096682724e-02
-4.591132014372339e-01
-2.893350685886475e-01
-1.827547124578828e-01
0.000000000000000e+00
0.000000000000000e+00
0.000000000000000e+00
0.000000000000000e+00
0.000000000000000e+00
0.000000000000000e+00
0.000000000000000e+00
0.000000000000000e+00
0.000000000000000e+00
0.000000000000000e+00
0.000000000000000e+00
0.000000000000000e+00
-3.199198960482906e+00
41
-3.533180602068528e+00
3.786062810868771e+00
2.857507951877446e+00
-1.176706545472532e+01
4.046139806435071e+00
9.859176851589471e-01
2.107360441117134e+00
7.699156671602107e+00
4.100506296790831e+00
-1.008133829301683e+01
-5.969979860282614e-01
-3.517870575976602e+00
4.025105760898721e+00
-3.848682226682558e+00
-1.528493002107489e+00
2.234745425201525e+00
1.407712217859163e+00
-1.095987689656917e+01
-6.535426385762634e+00
-1.763471695158763e+00
2.427295597586073e+00
3.463518602912925e+00
-1.551356621779666e+00
5.697611310875667e-01
-2.052675405943837e+00
-2.620476837677319e-01
1.384577466440796e-01
8.805489916771573e-01
0.000000000000000e+00
0.000000000000000e+00
0.000000000000000e+00
0.000000000000000e+00
0.000000000000000e+00
0.000000000000000e+00
0.000000000000000e+00
0.000000000000000e+00
0.000000000000000e+00
0.000000000000000e+00
0.000000000000000e+00
0.000000000000000e+00
-1.605360256831520e+00
41
-5.346138898018361e+00
1.784072082923466e+01
-9.015921243723597e-01
-1.178177530315483e+01
5.257646792723922e+00
1.238342166646029e+00
-3.646110760568714e+00
-1.038174972987068e+01
5.824280838252930e-01
1.601178146821831e+00
6.335769409956025e-01
-8.621124328130174e+00
2.708380496840820e+00
-9.110295327494804e+00
-5.763750390209156e-01
-1.232190307196707e+00
5.215034327571963e+00
-2.860153224369423e+00
-1.984913940400811e+00
1.519219542228510e+00
2.177158667915677e+00
-1.902505782947784e-02
2.670059981677127e+00
1.882527207943639e-01
4.760250826207446e-01
6.684129003142374e-01
1.424643150214230e+00
4.169142938493943e-01
0.000000000000000e+00
0.000000000000000e+00
0.000000000000000e+00
0.000000000000000e+00
0.000000000000000e+00
0.000000000000000e+00
0.000000000000000e+00
0.000000000000000e+00
0.000000000000000e+00
0.000000000000000e+00
0.000000000000000e+00
0.000000000000000e+00
3.942257663995315e+00
41
-1.488684478624448e+00
3.355099651308274e+01
-5.009860985310272e-01
-1.058173109490520e+01
5.421702883969701e+00
-5.443507406841314e+00
4.602490637057200e-01
5.409227200166149e+00
-4.023912789135966e-02
1.313603831821177e+01
8.485817336728829e-01
-1.700921524635292e+00
1.621727036504546e+00
9.967147047875672e+00
-3.077655728879295e+00
1.555099727989975e+01
6.552885210008996e+00
-1.033858291915901e+00
-4.364252933756712e+00
1.624965945019662e+01
-6.745757277162855e-02
-1.602665346156920e-01
3.994048319061773e-01
-3.987637929171356e+00
-2.347973652579998e+00
7.883529047863925e-01
-2.629659771755672e-01
-5.418180439751890e-01
0.000000000000000e+00
0.000000000000000e+00
0.000000000000000e+00
0.000000000000000e+00
0.000000000000000e+00
0.000000000000000e+00
0.000000000000000e+00
0.000000000000000e+00
0.000000000000000e+00
0.000000000000000e+00
0.000000000000000e+00
0.000000000000000e+00
3.941182247467455e+00
41
1.646538495576868e+00
-1.490944775537511e+01
-3.891923593027546e+00
4.686229131981100e+00
-5.415295271009517e+00
-2.452465884971042e+00
-1.061732771616762e+00
-3.174562948276527e+00
1.604066967228343e+00
5.861177222621972e-01
4.952826447754886e-01
-2.652724358224455e+00
-3.996380113567395e+00
8.373905473757743e+00
-2.658950160473354e+00
-2.109620617872921e+00
-4.570531951529422e+00
9.705528764720770e-01
-9.461810184211115e-02
-5.742894906190400e+00
7.970949121164869e-01
1.219623096469125e+00
2.384575512590723e+00
-1.218443744529832e+00
1.773485524944063e+00
1.663535558937117e+00
2.913456806011141e+00
1.744586983548632e-02
0.000000000000000e+00
0.000000000000000e+00
0.000000000000000e+00
0.000000000000000e+00
0.000000000000000e+00
0.000000000000000e+00
0.000000000000000e+00
0.000000000000000e+00
0.000000000000000e+00
0.000000000000000e+00
0.000000000000000e+00
0.000000000000000e+00
-2.843619530151361e+00
41
-7.583069144630703e-01
2.993141566843964e+01
-8.903129904469584e-01
-1.010178455264436e+01
8.355392718882033e+00
-6.171317840219026e+00
6.070458835984317e-01
-1.157430220342027e-02
-3.751152762311069e+00
1.882239216773059e+01
-7.063433819283946e-02
-3.778936938525339e+00
-4.313329835372590e-02
2.617231711757289e+00
-3.080889204917742e+00
9.679806407828291e+00
6.940117709834979e+00
2.128347791181757e+00
5.969459880626438e-01
1.535529404615902e+01
2.315298768557290e+00
2.080049331693973e+00
-1.791253261490931e+00
-2.060358723614585e+00
-3.515690864630602e-01
6.736821526137371e-01
-9.608104246050463e-01
2.517598926800487e+00
0.000000000000000e+00
0.000000000000000e+00
0.000000000000000e+00
0.000000000000000e+00
0.000000000000000e+00
0.000000000000000e+00
0.000000000000000e+00
0.000000000000000e+00
0.000000000000000e+00
0.000000000000000e+00
0.000000000000000e+00
0.000000000000000e+00
1.947174877603544e+00
41
3.895831285224268e+00
-2.947617037627075e+00
1.231513805524244e+01
-3.244058500810339e+01
2.652633575456544e-01
5.262598228144753e+00
3.854890792931793e+00
-7.825855341104104e+00
-9.399820981631397e+00
-2.057524394613509e+01
2.374739416152891e+00
1.097224764753755e+01
1.900191619524972e+01
-4.098961598480487e+01
-2.131855413528222e+00
-1.046938794729209e-01
-8.954566109495619e+00
-2.738140808906202e+01
-1.916963936994039e+01
-1.473478001666564e+01
1.890179721055796e+00
4.486465683335852e+00
2.594782708361731e+00
8.220563729000300e+00
3.519662684797820e+00
3.503067505329407e+00
-2.204842562812942e+00
1.949877591375809e+00
0.000000000000000e+00
0.000000000000000e+00
0.000000000000000e+00
0.000000000000000e+00
0.000000000000000e+00
0.000000000000000e+00
0.000000000000000e+00
0.000000000000000e+00
0.000000000000000e+00
0.000000000000000e+00
0.000000000000000e+00
0.000000000000000e+00
-3.912395028951714e+00
41
-2.113838105075447e+00
-3.204981653003748e+01
-1.689463776535654e+00
4.775235958771544e+00
-8.213269671591323e+00
1.308903472721101e+01
-5.128508008726971e-01
-2.906729922889192e+00
5.015284499296932e+00
-1.195950466194804e+01
1.316837026812724e+00
-6.509000046736135e+00
7.727447098207574e+00
2.735686155132204e-01
7.516324820233187e+00
-1.010183693392992e+01
-6.740422265237179e+00
3.835566262238359e+00
4.142798746498184e+00
-1.857158069060411e+01
6.200924877767395e-01
-4.146766618556558e-01
-6.882043140842281e-01
5.022844960562182e+00
1.442705859935544e+00
5.842270965925312e-01
1.169173951730248e+00
-1.486072781553101e+00
0.000000000000000e+00
0.000000000000000e+00
0.000000000000000e+00
0.000000000000000e+00
0.000000000000000e+00
0.000000000000000e+00
0.000000000000000e+00
0.000000000000000e+00
0.000000000000000e+00
0.000000000000000e+00
0.000000000000000e+00
0.000000000000000e+00
-2.183221762912905e+00
41
2.973742982757719e+00
3.014709107780216e+01
-1.484448141523133e+00
-1.952054068133120e+01
8.173373164964183e+00
1.515741707863275e+00
3.621003198482115e+00
1.558362321913836e+00
-6.957758290434170e-02
1.525809676182540e+01
1.652518797622296e+00
-2.086456028423026e+01
7.721965514985126e+00
1.268405501248396e+01
-3.809438608290427e-01
3.959279551729713e+00
1.493961780228572e+00
-1.105137036193380e+00
-2.831321851537847e+00
1.203789738684964e+01
1.884609489276633e+00
1.848065285030589e+00
-6.949249033022846e-01
-3.884486326534105e+00
7.096505817482339e-01
1.864275964772663e+00
1.408203012858979e+00
1.425245326267050e+00
0.000000000000000e+00
0.000000000000000e+00
0.000000000000000e+00
0.000000000000000e+00
0.000000000000000e+00
0.000000000000000e+00
0.000000000000000e+00
0.000000000000000e+00
0.000000000000000e+00
0.000000000000000e+00
0.000000000000000e+00
0.000000000000000e+00
1.462840317063141e+00
41
-3.480991416771429e+00
1.051391317282032e+01
6.342485520882852e+00
-5.913764622541954e+00
-9.132955514982706e+00
1.146983517178245e+01
-1.715245832129887e+00
1.111652781893726e+01
9.462213772159643e+00
-4.743673092860705e+01
3.591277230086614e+00
-7.656018084278844e+00
-2.162177297032298e+00
-3.998494420733807e+01
1.704329071114683e+00
-3.446076827150085e+01
7.531803417682542e+00
1.535056435504541e+01
9.552863199309577e+00
6.572900364391859e+00
3.687367065408476e+00
6.786812443982229e+00
1.063669954837840e+00
-9.357407784407794e+00
-3.764316381595358e+00
-5.812595229322379e-01
2.030744442479658e+00
2.499987602859878e+00
0.000000000000000e+00
0.000000000000000e+00
0.000000000000000e+00
0.000000000000000e+00
0.000000000000000e+00
0.000000000000000e+00
0.000000000000000e+00
0.000000000000000e+00
0.000000000000000e+00
0.000000000000000e+00
0.000000000000000e+00
0.000000000000000e+00
1.920927733313458e+00
41
1.898814253506163e-01
3.245311474624343e+01
1.147189820323498e-02
-1.041354933935213e+01
6.015534182539215e+00
-5.314772781731722e+00
6.833148187610268e-01
7.872141216184048e+00
-3.356753046449264e+00
9.769369962736532e+00
8.436040890112335e-01
-1.065774816083739e+00
3.976438124127440e+00
1.345904877172945e+01
-5.493747424860685e-01
1.167423046138214e+01
7.988779844592616e+00
5.522224038097938e+00
2.456572764595777e+00
1.412917136455327e+01
1.399700314102469e+00
6.056978696369272e+00
-3.906026634650880e+00
-8.915578691662532e+00
-4.444994350561093e-01
8.934195205685291e-01
-1.359205395055681e+00
-4.043263073304842e+00
0.000000000000000e+00
0.000000000000000e+00
0.000000000000000e+00
0.000000000000000e+00
0.000000000000000e+00
0.000000000000000e+00
0.000000000000000e+00
0.000000000000000e+00
0.000000000000000e+00
0.000000000000000e+00
0.000000000000000e+00
0.000000000000000e+00
1.828088010735227e+00
41
1.131848184996810e+00
-1.482079871394334e+01
-1.074608757204076e+00
8.125216743486144e+00
-3.995050086933114e+00
3.802964548158255e+00
1.429129571521938e+00
1.793595276220210e+00
-1.097091850713358e+00
2.623321340050695e+00
-2.813473515532328e+00
1.329407031959406e+00
-1.383458310743309e+01
1.440474466060827e+01
-1.374592529230904e+00
-1.959765168331020e+00
-1.042018114088882e+01
-2.593741319958099e+00
5.039574365530359e+00
-6.694163991225754e+00
2.298371919172112e+00
4.182750613524922e-01
1.088096838012131e+00
4.044355105345266e+00
2.547487956773550e+00
3.256644339820246e+00
1.215074076982785e+00
1.737161953427452e+00
0.000000000000000e+00
0.000000000000000e+00
0.000000000000000e+00
0.000000000000000e+00
0.000000000000000e+00
0.000000000000000e+00
0.000000000000000e+00
0.000000000000000e+00
0.000000000000000e+00
0.000000000000000e+00
0.000000000000000e+00
0.000000000000000e+00
-4.442264063944510e+00
41
-1.280628552781919e+01
7.461877726520406e+00
5.749108866799467e+00
-9.825909959884996e+00
5.784497496652274e+00
1.045838025773305e+01
3.331480295223795e+00
2.084068546923629e+00
7.680562405789910e+00
-1.480793768149803e+01
1.213148240950698e+00
9.140861492813814e+00
3.008602121424550e-01
-2.410236833845481e+01
-2.340105740199196e+00
1.148242940376872e+01
-3.014571418969101e+00
-5.792859439050444e-01
-1.287449112444688e+01
1.843091855894913e+00
3.765180666977171e+00
9.527915756633363e-01
2.036185058851787e+00
-5.469228805271348e+00
-2.825686879631264e+00
1.240561161086638e+00
2.811409533841886e+00
7.880282343527061e-02
0.000000000000000e+00
0.000000000000000e+00
0.000000000000000e+00
0.000000000000000e+00
0.000000000000000e+00
0.000000000000000e+00
0.000000000000000e+00
0.000000000000000e+00
0.000000000000000e+00
0.000000000000000e+00
0.000000000000000e+00
0.000000000000000e+00
-2.146370113765478e+00
41
2.872989962319440e+00
-2.496558147016096e+01
-2.384796689689533e+00
1.468463852439037e+01
-7.531863889025793e+00
8.287689228691169e+00
2.680157349855695e+00
-4.309720404284372e-02
-5.354226461739655e-01
-1.986961211250085e+00
-2.576684648140522e+00
3.403432125439116e+00
-2.382868050131894e+00
8.824135869711590e+00
1.889863464838920e+00
-2.925840591001954e+00
-7.353445230042468e+00
-3.305788932847998e+00
3.238409914249394e+00
-8.939393133001541e+00
1.062531105167202e+00
2.735093337717424e-01
1.958508234438966e+00
-2.139708941590931e+00
6.362887798118194e-01
1.679216369457882e-01
-5.957404518651406e-01
2.049021770179678e+00
0.000000000000000e+00
0.000000000000000e+00
0.000000000000000e+00
0.000000000000000e+00
0.000000000000000e+00
0.000000000000000e+00
0.000000000000000e+00
0.000000000000000e+00
0.000000000000000e+00
0.000000000000000e+00
0.000000000000000e+00
0.000000000000000e+00
-2.307624017373531e+00
sigmoid
0
20
41
1.735976690312956e-02
4.303560219226132e+00
-6.272376195482483e-01
-5.264051732585742e-02
1.306760924810328e+00
-1.045520532896213e+00
1.294737510614776e+00
1.232313526654100e+00
-3.519437323705317e+00
4.023379872553245e+00
7.974130595375234e-01
6.643083867826060e-01
-4.586913029024603e+00
4.085931597984592e+00
7.856780242375636e+00
1.748429782784487e+00
-2.742318712105804e+00
-2.234519546516116e+00
-1.205496656713367e+00
4.168019995259200e-01
1.578941427089450e-01
3.707681571634506e-01
-2.701329174507930e+00
-6.203058318310922e-01
-5.568209475875042e+00
-5.858942182642116e+00
1.803872128382615e+00
-6.237764780565422e-02
-4.911316365456326e-01
-7.620909463819718e+00
2.613639368350699e+00
-7.542809628554377e-01
-4.297831551854967e+00
1.570573323179626e+00
-6.050329706318696e-01
-7.667214360530054e+00
-6.599407538127045e-01
-4.538331510967747e+00
8.258615939718259e+00
7.031115424032658e-01
-1.938551392473153e+00
41
1.154554717838279e+00
2.296016783996973e+00
-4.514396349924008e+00
1.295053341522866e+00
-4.265373584045677e-01
4.154251102734699e+00
2.454950884155157e+00
-3.790136178404125e+00
4.248276818591396e+00
-2.270917253779891e-01
-5.472564963823612e-01
-3.764500082640323e+00
4.403113495338975e+00
9.409577218714500e-01
-4.677840053298816e+00
-1.823812973838901e+00
-1.448286125406038e+01
-1.031295275573274e+00
-1.885793944937658e+00
-4.775381479033763e+00
-3.279076402026007e+00
-2.829931453287105e+00
-1.306125026458784e+00
3.637521096842160e+00
2.802244633805129e+00
-4.012063842242868e+00
-1.871869670602163e+00
5.462191447294914e+00
-3.786833813222146e+00
1.367495722360617e+00
-7.763562276052201e-01
6.224650796091578e-01
5.543328812638331e+00
-1.057907227081140e-01
1.776476368239961e+00
2.550676569763338e-01
2.669213389553720e+00
1.447458748631816e-01
3.692021055094457e+00
3.448025603046599e+00
5.762132348685720e-01
41
-6.827891961979237e-01
-3.002056516850975e+00
-7.820901120481113e-01
-5.032743269910173e-01
-1.826277758933723e+00
8.556113023765931e-01
-7.119554811112053e-01
-3.444782695262534e+00
2.053506388088580e+00
-2.337091298606421e+00
7.914747465796014e-01
-2.495089174004712e+00
4.248000659388841e-01
-1.979579973149996e+00
-3.943367466942541e+00
-2.151730161914744e+00
-3.113805294078060e+00
2.591053326110711e+00
-1.319740624345436e+00
-2.522794169190890e+00
-4.638244578328826e-01
-3.190454735055004e+00
-3.438391430448938e+00
1.503974838849982e+00
-8.026574926767509e-01
-1.255467012173324e+00
-2.438649179607033e+00
-3.633859772868260e-01
4.826081990796232e-01
1.890668836875268e+00
-4.035772977976428e+00
8.429836089317473e-01
1.783705180323502e+00
-2.259528916572357e+00
9.552262425101136e-01
1.836400905745999e+00
-9.918270223638066e-01
1.664774787355001e+00
-2.137638499954174e+00
9.025450521073660e-01
8.475514547726791e-01
41
2.002424142275532e-01
-9.522034072746774e+00
4.239685761251801e+00
4.417359466896842e-01
-8.974926585042219e-01
2.784549225100219e+00
-2.632101245481041e+00
-4.619121725972356e-01
2.167858088871549e+00
-2.536032650997456e+00
6.374063320090265e-01
-9.993924574128112e-01
-3.782785689080869e+00
-2.774752107204983e-01
-7.887351090386743e-01
-1.124713159259618e+00
-8.204769060102393e+00
3.490403539209806e+00
1.150035937091089e+00
5.135242620590007e-01
2.437010502795422e+00
-2.577993055095790e+00
-1.591450951725635e+00
3.180830424497172e+00
-5.184221537082967e+00
1.315154201455804e-01
-1.923956775858835e+00
3.501539690544439e+00
3.055597602407417e+00
4.058393560619574e+00
-4.900959546716535e+00
2.746688982421864e-01
5.549448186203171e+00
-1.542781827481988e+00
1.451592902614896e+00
1.971621246288830e+00
-2.424997928905114e+00
-1.840700225810742e+00
-1.983424416125170e+00
2.200110854968381e-01
9.958850385416410e-01
41
-3.324388735237681e-01
-1.743619832152934e+00
3.412043267061583e+00
-2.093738566547823e+00
1.608969402894426e-01
-3.864496293632504e+00
-3.054193369493816e+00
1.649551546151997e+00
-2.927445742060320e+00
-2.499241907485650e+00
-2.951717594841768e-01
2.337516917351134e+00
-1.324779476397392e+00
1.258975956388420e-01
1.985708359824477e+00
6.303638634447432e-01
1.318035833396162e+01
1.763706872153276e+00
3.670531601642067e+00
1.967969507762925e+00
4.689292342475836e+00
4.371999415559449e+00
2.422701796326028e+00
3.698322222110705e+00
-2.287010285248399e+00
2.669683383884678e+00
9.132045749561128e-01
-2.831510171467884e-01
1.946215477250126e+00
-1.340713081182464e+00
3.025306193007264e-01
-1.172267039810969e+00
8.201585792822891e-01
-2.788770527244695e-01
-1.390227740278689e+00
6.562600705056387e+00
-3.452693710362740e+00
-8.425488783047316e-01
-2.801445533258935e+00
-5.425420009724128e-01
1.015513106911272e+00
41
-2.664220730819667e+00
3.052256819747542e+00
-6.077626130388306e-02
-1.039956040322772e+00
-3.188151418158822e+00
4.862075542891691e+00
-3.637961744567454e+00
3.611767789718220e-01
-1.854964121065074e-01
-9.445477274915814e-01
-6.912380203897490e-02
3.119833305675718e-01
3.900196798803804e+00
-4.461188029000077e+00
1.714820938054639e+00
-2.354233161605220e+00
3.242132337608108e+00
4.266394473745024e+00
6.475760777431675e-01
4.012721950264387e+00
4.291964288647038e+00
4.973593880408041e-01
-2.390505487245211e+00
1.733127378262752e+00
-3.950112574053689e+00
-2.892200938794360e+00
-2.258170792243070e+00
5.568743460458270e+00
2.850762540126551e+00
4.438130963545114e+00
3.851013128501786e+00
-1.155424221900982e+00
1.241562044165612e+01
-2.762398089987944e+00
-7.399945524903155e-01
-2.679436446173263e+00
-1.932492540184325e+00
7.908571128235300e+00
1.176109082995917e+01
-5.783593910864528e-01
9.007829767244037e-01
41
7.458646966355207e-01
-1.242026939387303e+00
-4.539929094930332e-01
5.100181991284989e+00
-4.493011557305304e-01
9.574976859124442e+00
1.450522933427066e+00
-1.196664166862739e+00
2.905106994766468e+00
2.639676425409229e+00
-9.059771556666725e-02
-1.426563705891846e-01
-1.879437371298804e+00
-1.004926730513546e-01
3.619966236639321e+00
-3.692506087307295e-01
-1.088043446343057e+00
-1.035872556331583e+00
-6.488996690222949e+00
2.774659157465959e-01
-4.908354359326160e+00
-4.397704136606562e+00
1.344922371363773e+00
-2.436394830852540e+00
-2.216283353752478e+00
-1.897330021300520e+00
-1.240950826214406e+00
9.744858657112630e-02
5.751441445099870e-01
3.506320277358013e+00
-1.877884119456818e+00
1.476560601235174e+00
4.060724225751509e-01
2.542197997462292e-01
1.442771620691481e+00
-6.998962482913243e+00
3.335337218486715e+00
1.545782073823135e+00
8.073970385854735e-01
1.486996881029267e+00
-2.441161140257695e-01
41
5.989121823912065e-01
-2.920509505951887e+00
3.234862895055161e-01
-3.493361687451227e+00
-1.926238188007787e+00
2.963723270085303e+00
-3.977052001937027e+00
-2.945894370609089e+00
2.419359156747383e+00
-3.808732433470885e+00
7.454326962227500e-01
-2.667076822658558e+00
1.282102817204186e+00
-3.483008111257621e+00
-3.398559803758395e+00
-3.129825086302796e+00
-2.985935132068631e+00
3.518513194629957e+00
-1.186598441507964e+00
-2.350241506329800e+00
1.267262302827476e+00
-2.148417437770425e+00
-2.377187106123520e+00
4.356880174975882e+00
4.968210003667346e-02
-3.324635627522411e+00
-3.064845227433423e+00
6.559973851668937e-01
2.592432326851325e+00
2.012336943902425e+00
-2.157463283946838e+00
4.275724085871260e-01
3.852037707918011e+00
-3.122826328022122e+00
6.895239569853372e-01
6.886733175632801e+00
-2.853672392476716e+00
1.546090837475112e+00
4.639106455702910e-01
1.533867307227309e+00
2.046149444811372e+00
41
-3.866411128798304e-01
3.332701709323763e+00
2.252935900660719e+00
2.070706816143696e+00
1.255111472427598e+00
-1.564342295458055e+00
1.257880454148244e+00
2.149964162597869e+00
-2.439483606647534e+00
3.886312207053183e+00
2.474517188685445e-01
1.774020525152658e+00
-1.493203813010831e+00
1.851972493699083e+00
2.927322637504510e+00
2.829221982815241e+00
3.666214150582740e+00
-2.075735383314038e+00
3.059994473496896e+00
1.156269348053314e+00
-1.752182404177579e-01
1.766251696713787e+00
3.014571091218468e+00
-2.500706835732370e+00
-1.568715337558917e+00
2.412144846997544e+00
2.107119173597836e+00
7.485601207253798e-01
-1.449415265719691e+00
-1.994339714887649e+00
2.675558722606751e+00
-9.488224843541541e-01
-3.462121240467986e+00
1.722619601351517e+00
-1.324298561514480e+00
-1.349571466955148e+00
1.274678766071934e+00
-1.735295509642461e+00
4.073283187344880e+00
-5.644451514917214e-01
-2.490631951084764e+00
41
1.081631923386073e+00
9.531084601778017e-01
2.845843995340142e+00
-1.074699060493313e+00
8.045257298216197e-01
-9.248563377860782e+00
-3.871742914106937e-01
3.781678978218046e+00
-2.414102462752704e+00
-2.183171834041354e+00
1.189214929449045e-01
2.120604426496047e+00
-2.066219627311505e+00
-1.216212254973263e+00
2.589377574371197e+00
9.049421911387524e-01
3.855790420095103e+00
2.182505418868801e-01
-1.841759858789405e-01
5.093242050230905e+00
3.669344737090273e+00
1.574327797697477e+00
3.047933422008747e+00
-3.849970341179600e+00
-6.037501494100759e+00
2.762870311662924e+00
1.548766332163322e+00
-5.929813182054183e+00
2.155682234194536e+00
-6.067728123875633e-01
2.034945560144807e+00
-1.583392358644501e-01
-2.663863805477316e+00
-8.833175666809689e-03
-1.777907889733556e+00
-4.482855407845120e+00
-1.014132256634594e+00
-1.545677513960547e+00
-4.679898286388193e+00
-1.191753059911873e+00
4.945148881781252e-01
41
1.272552775360657e+00
2.707358198763126e+00
3.126150386104726e+00
-1.062450440879360e+00
-2.638915084512390e-01
4.442273212819082e+00
-5.020296086964217e-01
-9.155722034540670e-01
1.072216858826141e-01
2.081671504339103e+00
1.878386586701046e-01
-1.646583693183953e+00
3.483096202354989e+00
-7.382901599896029e-01
4.943641330704024e+00
-6.136911864462333e-01
-8.560898825163383e+00
4.802594749274172e+00
-2.791998990588038e+00
1.199832954864968e+00
5.851125482410218e+00
-1.005573121843144e+00
-4.373723302221473e+00
1.077444483923452e+00
7.192439086122199e+00
-4.893687603330832e+00
-1.708153088868790e+00
-6.056285484109890e+00
6.333299039997369e-01
-2.520803610558166e+00
1.501284563091841e+00
1.793400328250124e+00
-1.012181877182383e+01
5.697138570674828e-01
2.323737419178258e+00
-1.193143100685634e+01
3.167602605524314e-01
2.312963689312522e+00
-8.456618271520975e+00
3.502421936337528e+00
7.062781266166954e-01
41
1.254605755030045e+00
-2.420688918081975e-01
-4.976252086397559e+00
2.635141380181914e+00
9.257542549943375e-01
-4.573328296092415e+00
3.761314220409409e+00
2.974764444858191e+00
-3.246664018068468e+00
-7.231778302425844e-01
-1.123611191451415e+00
-8.501162635561743e-01
-8.840394725846091e-01
-2.530083237393163e-01
-4.597528017066684e+00
2.968013761909037e+00
-2.475146163210555e+00
-4.454229926963125e+00
4.432142380829890e+00
2.171287048941403e+00
-1.148596455919062e+00
2.538569450463386e+00
3.584614105922061e-01
4.615105728138887e-01
9.245133681637009e+00
1.999250643658647e+00
2.115259558483508e+00
4.938843157870262e+00
-3.077569133496393e+00
-8.462114512432649e-01
-2.267626469632420e+00
-5.245157761574739e-01
1.572058595268992e+00
1.985854728927933e+00
-9.444190768800710e-01
-1.171259490865680e+01
2.531033236237326e+00
-3.941789134162643e+00
-4.601271211799025e-01
-2.249823045449803e+00
-1.868219607496661e+00
41
4.468962182932799e-01
2.420991573219531e+00
-8.645206362678828e-01
2.492630316099088e+00
1.608846403679217e+00
-1.722743137518092e+00
2.891122539313960e+00
1.695070235348187e+00
-1.849758717567931e+00
3.625012588526253e+00
-4.795108531071476e-01
1.875037431674324e+00
-1.795016588584419e+00
1.890821848055706e+00
3.204340267745235e+00
2.957503982028138e+00
8.590526377177481e-01
-3.357808733953921e+00
-3.910450693577104e-01
2.195524462696372e+00
7.206821788576331e-02
2.392960377651561e+00
2.098704361836020e+00
-1.136963869234768e+00
-3.840673294385896e-01
3.286041642206295e+00
1.817200686775539e+00
-1.118641549464601e+00
-2.003269475048240e+00
-9.422339735490222e-01
2.450340775732300e+00
-1.173651981801349e-01
-1.796673419114089e+00
2.454677246220156e+00
-1.020878377510682e+00
-3.727329531878603e+00
2.733287635549533e+00
-8.972763192424027e-01
-1.502404080548631e+00
-4.009150833388171e-01
-2.342452945494915e+00
41
-2.806420246847298e+00
5.057194850430084e+00
-2.665785149454969e+00
1.787779266129949e-01
-6.559340741646295e-01
3.298454298981958e-01
1.778335481627428e+00
2.441941471206211e+00
-3.412195176092009e+00
5.552753118030839e+00
-7.969987517372981e-02
3.738732969262266e+00
-5.116736750091385e+00
6.883695006167024e+00
5.633734806231750e+00
1.467513689009686e+00
5.458075764677505e+00
-4.120446763935497e+00
-4.160586185407579e+00
4.617118449024146e+00
3.086662389882132e-01
5.084951118960700e-01
2.328986260439577e+00
-4.495537036738577e+00
4.171269933029717e+00
1.498087343147150e+00
1.345267276595121e+00
2.231305392110080e+00
4.478329954416828e-01
4.793257853503096e+00
4.335997460041122e+00
-1.865376803734730e+00
1.084552186008339e+01
-1.992032064488972e-01
-2.888192442438722e+00
3.487554715242867e+00
2.074207488617824e-01
-5.709541679168355e-01
1.085011824100751e+01
-3.385328886106194e+00
-3.242023557073676e-01
41
9.707061956670517e-02
3.122668882361916e+00
-2.134356072607881e+00
-1.319761488319092e+00
-1.000163565619558e-01
8.702257516365272e+00
-1.948961769388975e+00
-1.601989200826965e+00
-7.369123319081027e-02
8.568567325433226e-01
6.236326176829799e-02
1.625326108459622e+00
6.165480353644420e+00
-3.200831637541101e+00
1.872464133122742e+00
-2.702861451802867e+00
-2.794612755191424e+00
1.946607689153063e+00
-5.593728112027415e+00
7.422463457825271e-01
-3.037121393155064e+00
-1.184916801932547e+00
1.694730941704118e+00
-1.117342862138563e+00
-4.087685111875420e+00
-4.158826062998665e+00
-2.199594132761534e+00
-4.164488137264067e+00
-4.831288991644045e-01
3.992733905939065e+00
6.629859526960505e-01
5.840143710204436e-01
-1.936589628263969e-01
-3.147560014143485e-01
1.791576011917526e+00
5.817615964150433e+00
-6.426949382855122e-01
3.839855676528760e+00
-5.022879700841370e+00
3.065923309586795e+00
1.344771465321104e+00
41
-3.371612633182378e-01
2.240571934232018e-01
4.269138160868244e+00
-1.087800172401018e+00
2.495032981622079e-01
-1.186502290249853e+00
-2.565009509417090e+00
3.990443752430295e+00
-2.236779698414616e+00
5.184825597553660e+00
-7.283790815590058e-01
2.818562287002596e+00
-2.569768350532204e-01
4.037035276392542e-01
6.624799772786331e+00
-1.967549223168039e-01
7.769188777513881e+00
-6.172421270720166e-01
7.381874417522354e-01
3.786776720034371e+00
5.379552757877541e+00
2.924810589246759e+00
3.682080889016419e+00
-2.714727510935794e-01
-1.767594993375928e+00
3.176606895752378e+00
1.971085074012618e+00
-5.320504422253473e+00
-8.710307596578373e-02
-5.054724288891003e+00
2.966416126365489e+00
-3.282331646042876e-01
-5.165696303789937e+00
3.121987803959425e-01
-2.902488764541411e+00
-1.404310447949569e+01
-1.583880290641347e+00
-5.814930344794690e-01
3.588338803424983e-01
-2.081329153633143e+00
5.546156434225894e-01
41
1.533060550530929e+00
-7.142196262413166e+00
-5.220054398785845e-01
-1.540499516698783e+00
-1.927029541152021e+00
3.533849778819606e+00
-1.118321348100707e+00
-3.778733608558097e-01
3.991354659126329e+00
-6.586622172446912e+00
3.424542453128440e-01
-8.084262797417016e-01
-3.477960328022441e+00
1.586216437569833e+00
-8.000395723334002e-01
-3.280095724240919e+00
-6.947329530372794e+00
3.626842417223866e+00
-1.873080692679000e+00
1.555523060340309e+00
3.056683472505500e+00
-1.767565770373907e+00
-6.278469397110678e+00
4.452376991867491e+00
1.031738216431808e+01
-1.914920403391811e+00
-3.293701317740122e+00
3.564531525879073e+00
1.508226476624518e+00
5.740876472461962e+00
-6.528739732988862e+00
1.924174374253961e+00
-8.458366932990180e-01
-2.527326552814107e+00
2.076354447721137e+00
4.802373552487238e+00
-8.335801463766777e-01
5.350266454743083e-01
-6.916117719823134e+00
-2.024960254467823e-01
1.189822894116489e+00
41
1.497582215142955e+00
-5.003214688773761e+00
2.454705189600686e+00
-1.913353624420344e+00
-1.886267074790166e-01
-7.386576726776097e-01
-2.413691833838344e+00
-1.409224554671451e+00
3.336198317304687e+00
-2.349560796327137e+00
5.165779044116230e-01
1.195696967381808e+00
3.198129724884456e+00
-4.124974003425540e+00
1.714952668356458e+00
-2.079197781100155e+00
-2.153247058306800e+00
7.387412082624702e+00
-1.250697220132175e+00
-5.515265424959044e-02
-1.928360677612168e-01
-2.135520973469051e+00
-3.648435357062493e+00
5.572509659696852e+00
-2.388244493772026e+00
-2.579240320350787e+00
-1.839256882373369e+00
-1.209309351853181e+00
1.455845186442645e+00
4.333270128966729e-01
-4.013508367319792e+00
1.997478013727917e+00
3.180092562690787e+00
-8.003039143927547e-01
2.711018553715470e+00
5.281157166886667e+00
-1.065244231090258e+00
2.930615915545549e+00
-6.218761719705281e+00
5.336590494918247e-01
-3.384862525964413e-01
41
1.022847177042875e+00
-6.104041406959674e-01
-1.329898080006477e+00
1.348937265563468e+00
-4.756840058368149e-01
1.691179995374693e+00
2.140843249475710e-01
-3.173037233058945e+00
3.503871354350167e+00
-2.207770526750596e+00
-1.196856880713827e+00
-7.841894099434395e-02
1.217251456457830e+00
-1.891862268393875e+00
6.230107661897970e-02
-7.895596267902089e-01
-3.757346001803621e-01
-2.450448828020308e+00
-7.339525816838712e+00
-2.561361166753608e+00
-7.365957044597208e+00
-3.127069934428882e+00
-4.340324458009956e-01
-2.836119170572847e-01
8.547905857199208e-01
-2.341706930125136e+00
-2.158703773877529e+00
-4.356508373364344e+00
1.616026942146510e+00
-3.837209524298451e+00
-2.291525526623660e+00
9.701999276568943e-01
-1.232809812883967e+00
-6.357987425514329e-01
1.275061860651236e+00
4.610287543477967e+00
1.281727924928948e+00
-7.148305767657628e-02
-3.801996516880226e-01
3.845643933724828e+00
-7.280182096870146e-02
41
1.732406402281436e+00
3.239624768126104e-01
-1.667925047284692e+00
4.030868705048009e+00
4.713361310462726e-01
1.036133539116828e+01
1.553680627591851e+00
-1.538938838459182e+00
4.127956592649155e+00
-1.845542541073939e+00
-1.137677366181130e-01
-1.224371939363845e+00
-9.045711989549964e-01
-1.221951835211720e+00
6.143797455200296e-02
-9.175307830015351e-01
-5.958864586164183e+00
-1.694679074928440e+00
-5.511342640363411e+00
-8.811967200950930e-01
-3.165150517803242e+00
-3.797986390113249e+00
2.645023329684168e+00
-2.918325060250462e-01
-6.305390146972285e+00
-9.469105268512131e-01
-2.070341195831466e+00
1.250851237962582e+00
-1.081426776514328e+00
2.639873275206851e+00
-1.312768350542696e+00
1.016169213847342e+00
-2.317117575535443e+00
-4.303083458745235e-01
3.172518371317557e+00
1.094050809601010e+01
2.223802558110211e+00
-2.196947331864137e+00
-1.636012277088651e+00
2.634379446119276e+00
-1.084379169214473e+00
sigmoid
0
1
21
2.202903042814272e+01
-1.442866678551969e+01
-6.487810850155194e+00
-1.033600568163454e+01
7.814603135794020e+00
-1.668439560321031e+01
-1.095475583821575e+01
-1.232795014646348e+01
1.159462378016180e+01
1.181397123101798e+01
-9.745881959515273e+00
1.105839177042045e+01
9.013746488666749e+00
1.442476557421725e+01
-1.635051359610049e+01
1.390695331070880e+01
-1.546747725917076e+01
-1.146897425853327e+01
-1.706650467562285e+01
-1.063389610050770e+01
-2.183357699783268e+00
